L	-2.625418	3.816264	8.104441	-2.625418	3.816264	8.104441	-2.625418	3.816264	8.104441	-2.625418	3.816264	8.104441	-2.625418	3.816264	8.104441	-2.625418	3.816264	8.104441	-2.625418	3.816264	8.104441	-2.625418	3.816264	8.104441	
L	-2.625418	3.816264	8.104441	-2.625418	3.816264	8.104441	-2.625418	3.816264	8.104441	-2.625418	3.816264	8.104441	-2.625418	3.816264	8.104441	-2.625418	3.816264	8.104441	-2.625418	3.816264	8.104441	-2.625418	3.816264	8.104441	
L	-2.625418	3.816264	8.104441	-2.625418	3.816264	8.104441	-2.625418	3.816264	8.104441	-2.625418	3.816264	8.104441	-2.625418	3.816264	8.104441	-2.625418	3.816264	8.104441	-2.625418	3.816264	8.104441	-2.625418	3.816264	8.104441	
L	-2.625418	3.816264	8.104441	-2.625418	3.816264	8.104441	-2.625418	3.816264	8.104441	-2.625418	3.816264	8.104441	-2.625418	3.816264	8.104441	-2.625418	3.816264	8.104441	-2.625418	3.816264	8.104441	-2.625418	3.816264	8.104441	
L	-2.625418	3.816264	8.104441	-2.625418	3.816264	8.104441	-2.625418	3.816264	8.104441	-2.625418	3.816264	8.104441	-2.625418	3.816264	8.104441	-2.625418	3.816264	8.104441	-2.625418	3.816264	8.104441	-2.625418	3.816264	8.104441	
L	-2.625418	3.816264	8.104441	-2.625418	3.816264	8.104441	-2.625418	3.816264	8.104441	-2.625418	3.816264	8.104441	-2.625418	3.816264	8.104441	-2.625418	3.816264	8.104441	-2.625418	3.816264	8.104441	-2.625418	3.816264	8.104441	
L	-2.625418	3.816264	8.104441	-2.625418	3.816264	8.104441	-2.625418	3.816264	8.104441	-2.625418	3.816264	8.104441	-2.625418	3.816264	8.104441	-2.625418	3.816264	8.104441	-2.625418	3.816264	8.104441	-2.625418	3.816264	8.104441	
L	-2.625418	3.816264	8.104441	-2.625418	3.816264	8.104441	-2.625418	3.816264	8.104441	-2.625418	3.816264	8.104441	-2.625418	3.816264	8.104441	-2.625418	3.816264	8.104441	-2.625418	3.816264	8.104441	-2.625418	3.816264	8.104441	
L	-2.625418	3.816264	8.104441	-2.625418	3.816264	8.104441	-2.625418	3.816264	8.104441	-2.625418	3.816264	8.104441	-2.625418	3.816264	8.104441	-2.625418	3.816264	8.104441	-2.625418	3.816264	8.104441	-2.625418	3.816264	8.104441	
L	-2.625418	3.816264	8.104441	-2.625418	3.816264	8.104441	-2.625418	3.816264	8.104441	-2.625418	3.816264	8.104441	-2.625418	3.816264	8.104441	-2.625418	3.816264	8.104441	-2.625418	3.816264	8.104441	-2.625418	3.816264	8.104441	
L	-0.01211466	3.285333	-4.655167	-0.1477888	2.081545	-4.464067	-1.546083	2.55917	-3.586128	1.561698	2.483538	-4.565488	-0.434713	0.8899449	-4.203032	0.3750953	0.7610797	-4.500784	0.2030433	0.7214642	-3.708364	0.2015712	0.4219482	-4.216166	
L	0.04769024	3.28273	-4.695773	0.05682295	2.08485	-4.409381	-0.556865	1.238204	-4.160082	1.058498	1.320201	-4.340477	-0.3571227	0.9047692	-3.884483	0.5287925	0.7710813	-4.401526	-0.2388164	0.1891079	-4.646542	-0.1934565	0.7759391	-3.794833	
L	-0.01079118	3.256892	-4.741464	-0.1133821	2.083173	-4.42365	-0.9077117	1.339359	-3.687892	0.8496549	1.294729	-4.404601	-0.4884365	0.6345087	-4.364184	0.370376	0.6868091	-4.399223	-0.2620967	0.2152648	-4.63195	0.5234673	1.124242	-4.631554	
L	0.08331365	3.249404	-4.70888	0.06755769	2.073173	-4.410538	-0.7294146	1.10839	-4.576055	1.023206	1.283777	-4.354699	-0.2988961	0.6688398	-4.084209	0.4322001	0.6263056	-4.231253	-0.3080756	0.1792343	-4.837384	0.3358343	0.5925797	-4.696431	
L	0.00784719	3.251109	-4.668748	-0.06931844	2.112524	-4.418646	-0.8212197	1.208782	-3.933099	0.8103584	1.344113	-4.339103	-0.4173186	0.5877018	-4.26149	0.3005519	0.6512661	-4.087337	-0.1611583	0.2319558	-4.608675	0.4170203	0.6949409	-4.612287	
L	0.06463093	3.265443	-4.653466	0.01846629	2.12008	-4.401942	-0.8072962	1.188047	-4.028842	0.7562302	1.14513	-4.450623	-0.3137739	0.758286	-3.99166	0.3556163	0.6567434	-4.100286	0.02401405	0.6248447	-4.735774	0.2493133	0.1572918	-4.853152	
L	0.02939712	3.263912	-4.668127	-0.07393893	2.105093	-4.352902	-0.7737421	1.061797	-4.371368	0.8698583	1.24505	-4.192245	-0.4167428	0.5578543	-4.170931	0.3515697	0.5940152	-4.238244	-0.190613	0.2652028	-4.68331	0.3801952	0.4171087	-4.192662	
L	0.05364212	3.257432	-4.683492	-0.01902721	2.080574	-4.43113	-0.8536771	1.384358	-3.570181	0.6623143	1.156468	-4.636827	-0.2956138	0.6049447	-4.101632	0.3959314	0.6897352	-4.32716	-0.05926408	0.669225	-4.464725	-0.1479925	0.3141065	-4.89135	
L	0.02819262	3.25338	-4.656235	0.01036301	2.090432	-4.442485	-0.7032617	1.195032	-4.669445	0.9583742	1.350513	-4.172465	-0.3617269	0.6956764	-4.09083	0.3500812	0.6384799	-4.343492	0.2559815	0.2875065	-4.335381	-0.1768302	0.657535	-3.810192	
L	-0.04222607	3.233965	-4.714842	-0.1406722	2.084782	-4.46817	-0.8780258	1.431511	-3.616191	0.6326433	1.169347	-4.623167	-0.4676188	0.6768733	-4.261079	0.4028467	0.7413176	-3.857254	0.04637879	0.7562182	-4.754398	-0.2122755	0.5876365	-4.912211	
L	0.01868396	3.253936	-4.69166	0.02188887	2.083032	-4.418582	-0.713481	1.202389	-4.50188	0.8911306	1.218034	-4.3897	-0.4258746	0.5794636	-4.310125	0.3769195	0.5486445	-4.378762	0.1206625	0.6425534	-4.162274	0.3471097	0.3971845	-4.055381	
L	-0.0119881	3.247175	-4.714879	-0.137162	2.116368	-4.39783	-0.8383892	1.174906	-4.009136	0.6319795	1.203794	-4.430482	-0.4436375	0.5273199	-4.373546	0.201089	0.5694566	-4.338739	-0.2037249	-0.2107573	-4.685444	0.169017	0.2175174	-4.876748	
L	-0.002009593	3.240661	-4.726305	-0.06807351	2.094418	-4.470127	-0.8485106	1.180002	-4.01646	0.5000979	1.256965	-4.293761	-0.424079	0.3493406	-4.365038	0.2909566	0.6799512	-4.354489	-0.1628214	0.524209	-4.300405	0.0989168	-0.01862669	-5.116695	
L	-0.1271809	3.22625	-4.831853	-0.1303667	2.090239	-4.541675	-0.839501	1.075184	-4.813565	0.8023235	1.206192	-4.302244	-0.6126018	0.5572752	-4.114758	0.2863505	0.6027151	-4.356583	0.1148702	0.1232823	-4.714554	0.1213377	0.4621791	-4.31492	
L	-0.05487835	3.202235	-5.049658	-0.1195547	2.059408	-4.746803	-0.8773247	1.352483	-3.9956	0.5877281	1.036059	-4.933606	-0.4564529	0.4213065	-4.506163	0.2337215	0.4435514	-4.3528	0.5038022	0.5778395	-4.13385	-0.0292652	0.5152363	-4.608348	
L	-0.05220495	3.176781	-5.166771	-0.04720489	2.02929	-4.908912	-0.6760802	1.210101	-4.747313	0.9246276	1.242071	-4.591026	-0.4204305	0.5131778	-4.59189	0.2301372	0.4409868	-4.69819	0.09164273	0.3568045	-4.588458	-0.02481189	0.4324318	-4.690072	
L	-0.04948907	3.172255	-5.194661	-0.1062144	2.004322	-4.892992	-0.9279833	1.345689	-4.046661	0.5982194	1.117328	-5.022076	-0.4616603	0.4637924	-4.775512	0.1821782	0.6795214	-4.482961	-0.2823979	0.1212288	-5.09619	-0.3287832	0.4675903	-5.539313	
L	0.08494258	3.214994	-5.026127	0.07262218	2.059577	-4.785797	-0.6687866	1.294705	-5.101879	0.9755282	1.209543	-4.535769	-0.2895444	0.6150341	-4.583943	0.2744704	0.4521854	-4.594576	-0.2112724	0.1130098	-5.102222	0.2869686	0.3158914	-4.393142	
L	0.0961109	3.214534	-4.688186	-0.01388418	2.107069	-4.440176	-0.6129067	1.48177	-3.564378	0.7859498	1.147275	-4.434631	-0.3253196	0.5155925	-4.30817	0.4878404	0.6558499	-4.181762	-0.2436316	0.16775	-4.711801	0.4062122	0.4502904	-4.352942	
L	0.3683068	3.310462	-4.289993	0.2805758	2.120614	-3.964091	-0.63109	1.224042	-3.984186	1.168072	1.202249	-3.917671	-0.01535109	1.032077	-3.303949	0.6441147	0.6730419	-4.10066	-0.04777417	0.3188313	-4.347815	0.342106	0.1724508	-4.749419	
L	0.5157424	3.495399	-3.259813	0.4210877	2.236009	-3.478101	-0.1652827	1.447786	-2.970092	1.102641	1.288729	-3.474743	0.2097415	0.6563985	-3.099263	0.7317885	0.6023746	-3.452246	0.07968187	-0.05407178	-3.866713	0.5102248	-0.1402316	-4.166465	
L	0.5897908	3.481545	-3.159174	0.5919049	2.242639	-3.297192	-0.2653269	1.545919	-3.063867	1.212638	1.349394	-2.927885	0.2925879	0.7014401	-3.151619	0.9470624	0.6326426	-3.246458	0.1907718	-0.06267929	-3.870752	0.7403354	-0.1875043	-3.875759	
W	0.6838523	3.528678	-3.005729	0.8558332	2.345731	-3.036341	0.07936704	1.543843	-3.428539	1.470359	1.379692	-2.891984	0.4137182	0.7751435	-3.196102	1.085478	0.711421	-3.057615	0.3329502	-0.1392753	-3.712964	0.8736402	-0.2048039	-3.53247	
W	0.7996196	3.563131	-2.89691	0.897218	2.354784	-2.909628	0.1762679	1.597306	-2.709472	0.9620275	1.521627	-2.506598	0.5652247	0.7312846	-3.086997	1.060312	0.713894	-2.795342	0.4833713	-0.2217007	-3.53398	0.9656301	-0.2200952	-3.278431	
W	0.9539874	3.613187	-2.682766	1.109424	2.426867	-2.745855	0.501409	1.791466	-3.078126	1.478871	1.458095	-2.546793	0.656714	1.108193	-2.919761	1.240187	1.289975	-2.690203	0.5814028	-0.06766653	-3.406257	1.116813	-0.2443321	-3.32795	
W	1.014473	3.578041	-2.564701	0.9975476	2.30988	-2.647064	0.3171048	1.77223	-2.945998	1.637851	1.3854	-2.56097	0.374604	0.7532265	-2.880867	1.083424	0.6839315	-2.606473	0.4753901	-0.2144623	-3.292873	1.145812	-0.295814	-2.99703	
W	0.979346	3.524854	-2.528383	0.9752694	2.31353	-2.79882	0.7366402	1.70943	-2.286986	1.707162	1.502982	-2.665029	0.3560466	1.295879	-2.836145	1.380127	0.8953896	-2.793639	0.5519769	0.194293	-3.249375	1.330051	-0.2857254	-3.075893	
W	0.8642762	3.479559	-2.562132	0.7275379	2.30048	-2.855495	0.1771984	1.664832	-3.055536	1.371821	1.414828	-3.091079	0.2881343	1.081477	-3.082303	1.026791	1.09702	-2.896532	0.5730411	0.1356014	-3.283058	1.197869	-0.1769724	-3.079134	
W	0.8589192	3.37904	-2.70655	0.8711897	2.118205	-3.03651	0.6982908	1.171518	-2.699677	1.439234	1.138711	-2.92399	0.3690653	1.294121	-2.986269	1.07874	1.082725	-3.169815	0.5659131	0.2111422	-3.313096	1.106428	0.05630875	-3.277473	
W	0.7814124	3.396022	-2.739245	0.7233186	2.287374	-3.220364	0.1448007	1.439685	-3.385723	1.471813	1.485775	-3.166795	0.480004	1.663743	-2.98685	1.085332	0.6730382	-3.215238	0.6383237	0.5777199	-3.309149	1.040091	-0.3504539	-3.465556	
W	0.7307439	3.443787	-2.97381	0.5417629	2.273509	-3.465884	-0.1577015	1.500572	-3.01825	1.271199	1.337569	-3.181342	0.3817056	0.8025899	-3.489361	0.9586326	0.9193009	-3.266527	0.546896	-0.2947121	-3.798481	1.010615	-0.08957338	-3.60275	
W	0.5227855	3.29412	-4.151401	0.4887057	2.229596	-3.793072	-0.2320825	1.255919	-4.153773	1.355293	1.371983	-3.669818	0.1500492	1.185106	-3.221586	0.821708	0.6770625	-3.75453	0.4045551	0.5514624	-3.679646	0.8296217	0.1129532	-3.754654	
W	0.2900316	3.274613	-4.458789	0.1722803	2.144003	-4.062479	-0.575167	1.469881	-3.268978	0.7504452	1.522976	-3.907237	-0.1336074	0.5840852	-4.093179	0.6785343	0.8452836	-3.831963	0.586848	0.9622097	-4.563713	-0.0194816	0.7433352	-3.844	
W	0.2571293	3.290321	-4.615587	0.1936252	2.122542	-4.262368	-0.408182	1.264408	-4.129372	1.191693	1.41526	-3.946845	-0.1321534	1.072107	-4.054266	0.4377152	0.7184936	-4.155401	0.3306792	0.6710653	-4.634058	0.01636335	0.5666057	-4.144057	
W	0.1667793	3.212679	-4.7991	0.02920747	2.117525	-4.488638	-0.705497	1.374378	-3.808104	0.6127764	1.341229	-4.270925	-0.2231443	0.7262517	-4.256319	0.4294932	0.7040061	-4.192049	0.169932	0.4143866	-4.659967	0.2946813	0.200196	-4.829367	
W	0.1782646	3.213927	-4.873594	0.09495848	2.109484	-4.546443	-0.6728129	1.250808	-4.83112	1.05352	1.289387	-4.445679	-0.2711424	0.7656732	-3.928944	0.4088084	0.5021303	-4.492698	0.2651041	0.7525487	-4.953484	-0.01658176	0.6717739	-4.125255	
W	0.03784834	3.181536	-5.00329	-0.09493779	2.120028	-4.612055	-0.7498609	1.42989	-3.717771	0.5754651	1.47936	-5.077317	-0.3787251	0.4607389	-4.498389	0.489634	0.6356508	-4.217509	-0.06924658	0.09297454	-4.850831	-0.1582544	0.1675621	-5.092964	
W	0.05319865	3.189647	-5.013286	0.02894674	2.063799	-4.682737	-0.7532536	1.033042	-4.776493	0.940409	1.203988	-4.696156	-0.3593379	1.076875	-4.406704	-0.1772478	1.108699	-4.387592	-0.2092111	0.1872735	-4.965235	-0.0685185	0.05811274	-4.661683	
W	0.001683123	3.19958	-4.994738	-0.1249935	2.039576	-4.659048	-0.756075	1.244306	-3.944161	0.6675922	1.169337	-4.878024	-0.3190702	0.7078633	-4.444086	0.3638888	0.7434229	-4.261505	-0.223365	0.1394389	-4.852515	0.3478555	0.2017084	-5.192979	
W	0.05256306	3.193162	-4.963583	-0.05014557	2.05918	-4.645051	-0.8221517	1.090451	-4.429919	0.8471323	1.35214	-4.637986	-0.4289473	0.862144	-4.20931	0.311556	0.4995015	-4.562685	-0.2430032	0.06249511	-4.798168	0.2312617	0.2793031	-5.129876	
W	-0.01688704	3.199529	-4.932264	-0.1607217	2.071025	-4.59901	-0.917474	1.120566	-4.55096	0.7527279	1.188729	-4.468099	-0.3405861	0.7357442	-4.05991	0.1884201	0.5544077	-4.497325	-0.2882694	0.008169413	-4.829659	0.256831	0.3820512	-4.9717	
W	-0.02211422	3.193512	-4.956046	-0.1802536	2.101887	-4.574021	-0.8787969	1.229764	-3.991722	0.4109182	1.362708	-4.386929	-0.4578047	0.5635396	-4.436723	0.1922893	0.6132288	-4.463685	-0.3508547	0.09958577	-5.128641	0.1694546	0.4361515	-4.950665	
W	-0.0126873	3.194712	-4.966007	-0.1474804	2.078969	-4.600401	-0.8600645	1.122684	-4.86897	0.8585528	1.231497	-4.358511	-0.4528132	0.6213224	-4.208542	0.1944832	0.4131001	-4.431595	-0.3262512	0.1952624	-4.88612	0.1293641	0.3972061	-4.365751	
W	-0.01683909	3.192125	-4.951902	-0.1779415	2.06789	-4.603959	-0.9066827	1.387822	-3.857186	0.3843349	1.607421	-5.020386	-0.5164931	0.5787078	-4.523908	0.2547543	0.5885293	-4.368594	-0.2058982	0.3776	-4.948567	0.06043263	0.3830516	-4.400979	
W	0.003981918	3.190835	-4.955646	-0.1338615	2.082057	-4.626675	-0.8774653	1.228822	-4.852209	0.7135085	1.235366	-4.391396	-0.5087994	0.8267143	-4.019566	0.1390542	0.5569499	-4.459127	-0.2001871	0.392666	-4.655262	0.04737426	0.2648652	-4.683112	
W	-0.06369156	3.164031	-4.98353	-0.2523722	2.053815	-4.637442	-0.9987715	1.32698	-3.97745	0.5551842	1.132284	-4.771301	-0.5493886	0.5220381	-4.493104	0.1334424	0.454565	-4.400963	-0.03464535	0.6389889	-4.669162	0.0358482	0.1651001	-5.229488	
W	0.008066446	3.184196	-5.017132	-0.09909798	2.09319	-4.646354	-0.906742	1.337734	-4.672768	0.7363267	1.304308	-4.490107	-0.5518962	0.6274496	-4.472318	0.1787409	0.5614939	-4.393101	0.09883763	0.3542026	-4.497044	0.01203156	0.1975101	-5.029246	
W	-0.1049996	3.163314	-5.052268	-0.2525832	2.05943	-4.714118	-0.9424489	1.067476	-4.498195	0.6126915	1.160701	-4.676826	-0.5518752	0.4760445	-4.562711	0.197059	0.7042282	-4.293452	-0.01012564	0.3495091	-4.611336	0.01453301	0.2242739	-4.814447	
W	-0.03762728	3.174756	-5.058595	-0.1905126	2.083905	-4.700576	-0.9409819	1.162635	-4.307578	0.3852894	1.296751	-4.633658	-0.5251377	0.7628369	-4.195516	0.1237368	0.5498694	-4.524328	-0.4339913	-0.01611018	-5.285511	-0.06255557	0.2376237	-4.793708	
W	-0.05125976	3.164197	-5.049039	-0.1843088	2.073668	-4.699359	-0.9351228	1.145431	-4.928487	0.7016274	1.200138	-4.446001	-0.6062549	0.5750852	-4.040341	0.1223149	0.4194754	-4.57421	-0.4205639	-0.2410305	-4.675585	-0.01352488	0.2028354	-5.092603	
W	-0.1962988	3.205806	-5.058093	-0.2433124	2.089077	-4.728094	-0.4218799	2.870088	-4.151529	0.5881891	1.144733	-4.948461	-0.6065253	0.6571871	-4.531975	0.1815472	0.5261332	-4.389853	-0.3132833	-0.1858826	-5.186475	-0.6687323	0.05861115	-4.789084	
W	-0.3049661	3.177372	-4.95465	-0.05757356	2.080373	-4.688639	-0.7083743	3.015205	-4.466291	0.906941	1.251544	-4.519693	-0.4777282	0.5211985	-4.383047	0.2419271	0.428472	-4.560249	0.008479983	0.4287158	-5.004963	0.02685244	0.4863902	-4.390682	
W	-0.4047002	3.174019	-4.937428	-0.2363149	2.060926	-4.734132	-0.8657059	2.817142	-4.511706	0.7258285	1.286928	-4.670878	-0.5216728	0.6598026	-4.392116	0.1586381	0.5243616	-4.415992	-0.4592349	0.04094625	-4.792425	0.01739131	0.4528718	-4.653663	
W	-0.2720755	3.187032	-5.162842	-0.2067298	2.050087	-4.752651	-0.4597701	2.681713	-4.555262	0.6553037	1.302335	-4.737847	-0.5692281	0.3578403	-4.508622	0.1491086	0.4532367	-4.717593	-0.5646773	0.4131691	-4.84874	-0.01028138	0.4960431	-4.827209	
W	-0.2155163	3.213401	-5.088586	-0.1684382	2.069608	-4.85691	-0.6489114	2.757769	-4.433661	0.399674	2.920143	-4.883267	-0.6259934	0.7000412	-4.447268	0.1440087	0.6585351	-4.678566	0.001845837	0.4547421	-4.516642	0.02017123	0.2719059	-4.966942	
W	-0.150215	3.216704	-5.119475	-0.1444984	2.085345	-4.876379	-0.5663832	3.066098	-4.985692	0.3730205	3.10196	-5.140956	-0.4851397	0.7056615	-4.504954	0.283373	0.7538241	-4.311232	-0.07755904	0.3341385	-4.713325	0.0282464	0.221241	-4.725394	
W	-0.09721376	3.200398	-4.976693	-0.1406688	2.124978	-4.904828	-0.47267	3.112636	-5.199854	0.2536488	3.314235	-5.208984	-0.5121756	0.6771262	-4.501704	0.1954082	0.7299386	-4.551775	-0.160208	0.2341725	-4.797258	0.05723265	0.2412527	-4.79278	
W	-0.1532288	3.198079	-4.96558	-0.2618705	2.144974	-4.854698	-0.5358161	3.460534	-5.12788	-0.05644849	3.288531	-5.215255	-0.5616919	0.4898403	-4.685664	0.1529795	0.6754093	-4.435324	0.2200996	0.4545791	-4.456464	0.1114197	0.1869531	-4.675473	
W	-0.1539739	3.202183	-4.936909	-0.2108976	2.184007	-4.906305	-0.3220659	3.398657	-5.209272	0.2702329	3.326082	-5.325008	-0.5777355	0.5714667	-4.607915	0.1174762	0.5795773	-4.639878	-0.1112341	0.3109282	-4.645543	0.01950015	0.1668457	-4.775706	
W	-0.3484584	3.230425	-5.027671	-0.318383	2.164764	-4.923344	-0.5405046	3.24826	-5.072392	0.5475771	3.229015	-5.194735	-0.7760759	0.9600071	-4.590866	0.06457108	0.5586624	-4.533225	-0.2052849	0.2861431	-4.664374	0.04688722	0.1330925	-4.671175	
W	-0.2330514	3.207543	-5.019099	-0.2641768	2.161436	-4.959699	-0.5196767	3.229715	-5.289339	0.4226358	1.284155	-4.795142	-0.5782953	0.595233	-4.64667	0.07635346	0.3773264	-4.628455	-0.264839	0.2432911	-4.811858	-0.2262633	-0.01018846	-5.521863	
W	-0.2149118	3.219089	-5.019102	-0.2928773	2.182121	-4.95237	-0.9660051	2.80629	-5.079673	0.3559914	1.248413	-4.869977	-0.6634449	0.7491891	-4.566006	0.06378758	0.5218184	-4.552232	-0.154198	0.1953818	-4.784249	-0.1589784	0.1248435	-5.149099	
W	-0.2763682	3.199691	-5.110557	-0.3044468	2.087685	-4.902874	-0.6938328	2.626331	-4.129787	-0.04109272	2.458454	-4.96552	-0.8026403	0.9452316	-4.411365	0.1031861	0.5420989	-4.644347	0.01489335	0.4214338	-4.440758	-0.03935328	0.3381064	-4.933293	
W	-0.2536855	3.215038	-5.136915	-0.2287839	2.028481	-4.813744	-1.150676	1.159688	-4.85535	0.2400931	2.731142	-5.075529	-0.5742137	0.5547625	-4.171319	0.08900079	0.4102644	-4.622972	-0.098037	0.4044164	-4.798035	-0.2290533	0.5081245	-5.602767	
W	-0.3117293	3.235435	-5.055745	-0.2508247	2.026539	-4.750338	-0.5904857	1.362063	-3.895024	0.06387052	2.757425	-5.0892	-0.5826111	0.5233228	-4.47563	0.1095105	0.5106927	-4.444329	-0.5642939	0.2797062	-4.863649	-0.03610288	0.1608784	-4.93863	
W	-0.2140285	3.212497	-5.013006	-0.2439396	2.023433	-4.735346	-1.169908	1.183493	-4.552008	0.3097355	2.054699	-4.429474	-0.5950727	0.7735754	-4.180305	0.04477352	0.4218037	-4.560504	-0.3322117	0.2906911	-4.859467	-0.1484572	0.2606589	-4.808609	
W	-0.3287582	3.193193	-5.062616	-0.3093292	2.009415	-4.721793	-0.8552825	1.052825	-4.330538	0.4331825	1.624403	-4.302954	-0.573982	0.4800333	-4.492682	0.07326451	0.4808888	-4.509737	-0.2137116	0.7967603	-4.897825	-0.1325701	0.1649586	-4.963659	
W	-0.3189241	3.197267	-5.069022	-0.3814349	2.00735	-4.718315	-1.130687	1.210151	-4.087198	0.2661532	1.071638	-4.998643	-0.6283268	0.4866776	-4.427982	0.06192881	0.3277509	-4.521046	-0.2844488	0.61107	-4.945871	-0.1319929	0.07219005	-5.17702	
W	-0.3515604	3.213224	-5.087167	-0.3657659	2.03179	-4.790689	-0.969021	1.061714	-4.673782	0.6157365	1.291817	-4.425374	-0.7342099	0.5352836	-4.401485	-0.03946909	0.3950925	-4.648421	-0.08914044	0.4498969	-4.458463	-0.2489033	0.1989758	-5.004885	
W	-0.3776457	3.171016	-5.235501	-0.4495714	1.996083	-4.871216	-1.162046	1.327657	-3.992654	0.1404207	1.261385	-4.937337	-0.6819627	0.4426801	-4.71391	-0.0167855	0.4254386	-4.574968	-0.3093159	0.3192962	-4.652435	-0.1656939	0.247619	-5.061963	
W	-0.3798648	3.177279	-5.245406	-0.3329603	1.992252	-4.991507	-1.038578	1.234986	-5.250886	0.5596943	1.156181	-4.832571	-0.7168711	0.6014661	-4.52209	-0.03862017	0.4218944	-4.836522	-0.336512	0.344613	-5.027647	-0.2250413	0.2122425	-5.037236	
W	-0.3775783	3.175574	-5.255199	-0.4288657	1.983347	-4.933961	-1.197032	1.118926	-4.391933	0.2894491	1.162749	-5.009076	-0.7336802	0.3403804	-4.731443	-0.0376561	0.5460992	-4.589242	-0.09208414	0.5802553	-5.381002	-0.8089496	0.9268092	-4.583263	
W	-0.2974436	3.174977	-5.214919	-0.2700272	1.993791	-4.937849	-0.9638882	1.096213	-4.843809	0.4969991	1.135661	-5.005	-0.620387	0.6228988	-4.640985	0.002143115	0.4193881	-4.748153	-0.2972186	0.3067156	-5.246174	-0.9987175	0.6643411	-4.84585	
W	-0.3370889	3.174829	-5.222903	-0.3761784	2.000473	-4.883342	-1.068432	1.007541	-4.885649	0.4666917	1.106626	-4.750237	-0.6782804	0.3091408	-4.748384	-0.04187489	0.4033237	-4.888497	-0.6169825	0.2545578	-5.434991	0.3885136	0.1260639	-5.788236	
W	-0.3942271	3.155611	-5.229192	-0.3834604	1.997116	-4.905485	-1.160463	1.155086	-4.319524	0.4330755	1.271635	-4.918233	-0.6873577	0.4494569	-4.705984	-0.1314163	0.51858	-4.695984	-0.5559814	0.1439881	-5.288408	-0.00401327	0.1633867	-5.148273	
W	-0.3578672	3.21125	-5.172	-0.3553565	2.033463	-4.877858	-1.02041	1.134705	-5.085341	0.4532531	1.112581	-4.703322	-0.7025084	0.4296663	-4.731049	-0.004022062	0.444821	-4.71017	-0.5231492	0.1865313	-5.229464	0.05395651	-0.1780784	-5.166941	
W	-0.3222038	3.20291	-5.127441	-0.4139894	2.03102	-4.844932	-1.158182	1.411274	-4.051699	0.2948625	1.069951	-4.909933	-0.6792711	0.6611683	-4.592849	-0.1184197	0.5428969	-4.60022	-0.5063518	0.1260332	-5.104189	-0.2002598	0.03612471	-5.060687	
W	-0.3191448	3.207047	-5.09551	-0.2958431	2.020362	-4.84123	-0.972248	1.236775	-4.99823	0.4912035	1.175804	-4.755567	-0.6240672	0.6018804	-4.564156	-0.02442026	0.4027494	-4.682781	-0.2971773	0.5153069	-4.485276	-0.1819141	0.3968896	-4.570866	
W	-0.3987843	3.107717	-5.056254	-0.4027991	1.997748	-4.813988	-1.082513	1.184884	-4.533585	0.2009382	1.086333	-4.974934	-0.6153076	0.4373702	-4.548289	0.07193232	0.541528	-4.306059	-0.02983978	-0.007104754	-4.792573	0.06834111	-0.2165978	-4.147195	
W	-0.3198144	3.076489	-5.054715	-0.2453525	2.015542	-4.826145	-0.8482744	1.107901	-4.690176	0.2572331	1.117677	-4.967832	-0.6256299	0.557724	-4.226335	-0.004756689	0.4662246	-4.601392	-0.6291604	-0.1933947	-4.037089	-0.004836082	-0.3083677	-4.59788	
W	-0.4035055	3.062943	-5.078757	-0.3618997	2.005684	-4.836776	-0.8889736	1.101471	-4.746441	0.113424	1.080071	-5.027315	-0.5912888	0.4449278	-4.569714	0.03950256	0.5177398	-4.382801	-0.5935255	-0.3296087	-4.56004	0.03948021	-0.2568603	-4.382601	
W	-0.3599653	3.052492	-5.101833	-0.2738112	1.993476	-4.874042	-0.801301	1.056437	-4.841907	0.41567	1.197063	-4.868413	-0.5931899	0.4810632	-4.361166	-0.04059707	0.4531748	-4.628587	-0.6195108	-0.2760293	-4.199538	-0.03874949	-0.3214202	-4.626466	
W	-0.3884942	3.074493	-5.039193	-0.3703802	2.007552	-4.825131	-0.8488868	1.099153	-4.833682	0.4722897	1.246349	-4.799628	-0.6243513	0.46427	-4.46568	0.06429544	0.468745	-4.54147	-0.6276138	-0.3103075	-4.460774	0.07648847	-0.3046718	-4.500442	
W	-0.3630642	3.104367	-5.003544	-0.3291932	2.029031	-4.804928	-0.8084376	1.114717	-4.788231	0.4565572	1.24446	-4.915571	-0.6113149	0.5033716	-4.351199	0.03711686	0.574191	-4.353137	-0.6115957	-0.2712286	-4.350661	0.0982703	-0.1217084	-4.127129	
W	-0.3044669	3.097664	-4.976602	-0.2746578	2.029038	-4.763619	-0.7503551	1.883316	-3.950021	0.5091876	1.286638	-4.53564	-0.6506684	0.5311745	-4.273051	0.0769968	0.4820749	-4.47802	-0.6512549	-0.2434254	-4.272823	0.08159676	-0.2924635	-4.469382	
W	-0.3178115	3.102546	-5.017763	-0.3452411	2.038202	-4.790246	-0.7952137	1.456482	-4.17416	0.4305762	1.214898	-4.742288	-0.6949536	0.5134326	-4.407587	0.06543425	0.6306334	-4.22148	-0.6991735	-0.2611496	-4.404436	0.1966503	-0.0175637	-3.883166	
W	-0.1964304	3.086504	-5.108515	-0.1976535	2.025419	-4.865358	-0.6672703	1.223931	-4.559163	0.5811101	1.153387	-4.670142	-0.6198701	0.5643966	-4.312853	0.1265403	0.4573635	-4.689829	-0.6200019	-0.2102034	-4.312755	0.1333595	-0.3171375	-4.679477	
W	-0.3549003	3.082546	-5.149124	-0.3577705	2.017088	-4.905714	-0.8077965	1.165796	-4.655783	0.4470525	1.148615	-4.936386	-0.6245791	0.4642464	-4.691421	0.1310796	0.553365	-4.434937	-0.6257517	-0.3103526	-4.690864	0.1393104	-0.2209692	-4.416376	
W	-0.3038352	3.095442	-5.130681	-0.300999	2.026816	-4.900342	-0.7633913	1.134289	-4.813151	0.5071867	1.198935	-4.817069	-0.6567643	0.5467467	-4.362402	0.004417151	0.4624623	-4.665843	-0.6872202	-0.2051773	-4.178859	0.004673034	-0.3121376	-4.665265	
W	-0.3438077	3.108072	-5.086264	-0.3583254	2.040275	-4.851532	-0.9614836	1.259193	-4.287584	0.3999211	1.159871	-4.851826	-0.6206073	0.4887269	-4.603619	-0.07534361	0.5230343	-4.420543	-0.6218358	-0.2856514	-4.585121	-0.05150953	-0.2423389	-4.303748	
W	-0.2971948	3.088557	-5.067462	-0.3006097	2.025376	-4.826467	-0.9931012	1.154919	-4.479684	0.4664683	1.10886	-4.850877	-0.6303556	0.4948845	-4.436239	-0.01584482	0.4733219	-4.519366	-0.6561967	-0.2658639	-4.292713	-0.01100397	-0.3010919	-4.503084	
W	-0.2521672	3.04324	-5.021424	-0.29153	1.992592	-4.774183	-0.9272163	1.191012	-4.398983	0.4930381	1.124613	-4.641912	-0.559311	0.528698	-4.36126	-0.1928133	0.4821969	-4.314576	-0.5723535	-0.1839774	-4.139509	-0.2925796	-0.2279954	-4.021866	
W	-0.3077032	3.055791	-5.028406	-0.3323216	1.996839	-4.785013	-1.00733	1.200675	-4.296575	0.4532483	1.069962	-4.775808	-0.5821047	0.4470983	-4.523089	0.02129102	0.5511322	-4.209629	-0.5884131	-0.3228912	-4.438937	-0.007798493	-0.2188921	-4.130752	
W	-0.2690902	3.06121	-5.019995	-0.2801549	2.002674	-4.79664	-0.948812	1.13344	-4.522234	0.5290055	1.155484	-4.559739	-0.5219343	0.4799243	-4.377848	0.03821588	0.4719017	-4.40625	-0.5406826	-0.2660468	-4.170047	0.03684637	-0.3011308	-4.357011	
W	-0.3953632	3.072123	-5.040413	-0.4017735	2.00955	-4.804291	-1.04863	1.172206	-4.200099	0.3971607	1.152229	-4.789842	-0.688597	0.4617406	-4.506608	0.03327948	0.5410719	-4.321909	-0.7195265	-0.3066738	-4.413935	0.04771283	-0.2313542	-4.265739	
W	-0.284694	3.092264	-5.057745	-0.3084957	2.030272	-4.81472	-1.094253	1.116225	-4.592407	0.4544263	1.125029	-4.70357	-0.6195725	0.5268388	-4.338235	-0.03133431	0.4596767	-4.578728	-0.6443337	-0.236572	-4.20941	-0.02593824	-0.3141565	-4.544689	
W	-0.348336	3.076086	-5.075044	-0.3725643	2.021027	-4.813195	-1.06732	1.228807	-4.344055	0.4340337	1.205267	-4.730128	-0.6335233	0.4905013	-4.473476	0.06086376	0.5098861	-4.448095	-0.6534483	-0.2661839	-4.352896	0.2053642	-0.2133958	-4.239554	
W	-0.3175764	3.085362	-5.123666	-0.3535569	2.037384	-4.827494	-1.112883	1.184441	-4.462963	0.4286309	1.152835	-4.696513	-0.6406781	0.5484442	-4.30821	0.02255806	0.518425	-4.466013	-0.6763636	-0.1785448	-4.043221	0.1212529	-0.2103989	-4.301694	
W	-0.2919921	3.100828	-5.053341	-0.3359105	2.041728	-4.801962	-1.016943	1.163112	-4.458669	0.5005486	1.259078	-4.628281	-0.6196999	0.5897051	-4.279597	0.02938166	0.486707	-4.501128	-0.6434543	-0.1193464	-4.058322	0.1463722	-0.2581379	-4.323575	
W	-0.3377493	3.10843	-5.075308	-0.3930835	2.045182	-4.830942	-1.159512	1.245359	-4.315164	0.3989056	1.134253	-4.764781	-0.7188562	0.5252271	-4.439332	-0.06689382	0.5142614	-4.435325	-0.7231901	-0.2479098	-4.391939	0.01840857	-0.2240767	-4.217184	
W	-0.2538134	3.097418	-5.086985	-0.294319	2.031081	-4.853203	-1.003704	1.161983	-4.614543	0.5138302	1.258057	-4.487697	-0.5698753	0.5330056	-4.37948	0.02917773	0.4683107	-4.57714	-0.5982829	-0.1902785	-4.103693	0.09184334	-0.2937543	-4.453304	
W	-0.3383516	3.091689	-5.119882	-0.4226772	2.034836	-4.863181	-1.143757	1.258618	-4.290123	0.2148795	1.162948	-4.799643	-0.6863602	0.5158453	-4.501307	-0.1231052	0.4702364	-4.554497	-0.6889465	-0.2484877	-4.375632	-0.043268	-0.2781217	-4.371216	
W	-0.210037	3.090177	-5.100704	-0.2550968	2.027134	-4.86402	-1.033271	1.105481	-4.760037	0.2990438	1.113611	-4.826512	-0.6395512	0.5694866	-4.300943	0.04040399	0.4547391	-4.621744	-0.6398754	-0.2051134	-4.30076	0.06980363	-0.3177567	-4.572842	
W	-0.3097099	3.089469	-5.117791	-0.359162	2.030939	-4.852842	-1.10121	1.236565	-4.288156	0.1417389	1.072683	-4.977511	-0.5936294	0.4991616	-4.528881	-0.01573548	0.4849234	-4.507263	-0.5686169	-0.2747803	-4.50904	-0.01300785	-0.2896554	-4.502201	
