-2.625418	3.816264	8.104441	-2.625418	3.816264	8.104441	-2.625418	3.816264	8.104441	-2.625418	3.816264	8.104441	-2.625418	3.816264	8.104441	-2.625418	3.816264	8.104441	-2.625418	3.816264	8.104441	-2.625418	3.816264	8.104441	
-2.625418	3.816264	8.104441	-2.625418	3.816264	8.104441	-2.625418	3.816264	8.104441	-2.625418	3.816264	8.104441	-2.625418	3.816264	8.104441	-2.625418	3.816264	8.104441	-2.625418	3.816264	8.104441	-2.625418	3.816264	8.104441	
-2.625418	3.816264	8.104441	-2.625418	3.816264	8.104441	-2.625418	3.816264	8.104441	-2.625418	3.816264	8.104441	-2.625418	3.816264	8.104441	-2.625418	3.816264	8.104441	-2.625418	3.816264	8.104441	-2.625418	3.816264	8.104441	
-2.625418	3.816264	8.104441	-2.625418	3.816264	8.104441	-2.625418	3.816264	8.104441	-2.625418	3.816264	8.104441	-2.625418	3.816264	8.104441	-2.625418	3.816264	8.104441	-2.625418	3.816264	8.104441	-2.625418	3.816264	8.104441	
-2.625418	3.816264	8.104441	-2.625418	3.816264	8.104441	-2.625418	3.816264	8.104441	-2.625418	3.816264	8.104441	-2.625418	3.816264	8.104441	-2.625418	3.816264	8.104441	-2.625418	3.816264	8.104441	-2.625418	3.816264	8.104441	
-2.625418	3.816264	8.104441	-2.625418	3.816264	8.104441	-2.625418	3.816264	8.104441	-2.625418	3.816264	8.104441	-2.625418	3.816264	8.104441	-2.625418	3.816264	8.104441	-2.625418	3.816264	8.104441	-2.625418	3.816264	8.104441	
-2.625418	3.816264	8.104441	-2.625418	3.816264	8.104441	-2.625418	3.816264	8.104441	-2.625418	3.816264	8.104441	-2.625418	3.816264	8.104441	-2.625418	3.816264	8.104441	-2.625418	3.816264	8.104441	-2.625418	3.816264	8.104441	
-2.625418	3.816264	8.104441	-2.625418	3.816264	8.104441	-2.625418	3.816264	8.104441	-2.625418	3.816264	8.104441	-2.625418	3.816264	8.104441	-2.625418	3.816264	8.104441	-2.625418	3.816264	8.104441	-2.625418	3.816264	8.104441	
-2.625418	3.816264	8.104441	-2.625418	3.816264	8.104441	-2.625418	3.816264	8.104441	-2.625418	3.816264	8.104441	-2.625418	3.816264	8.104441	-2.625418	3.816264	8.104441	-2.625418	3.816264	8.104441	-2.625418	3.816264	8.104441	
-0.2213481	3.213151	-4.79318	-0.251734	2.041424	-4.663078	-1.472529	2.967664	-4.461129	0.9419738	3.133889	-4.880016	-0.5987586	0.6080756	-3.990777	0.03558695	0.5484416	-4.508994	-0.2023207	0.2880527	-4.562281	-0.1676767	0.1717826	-5.063832	
-0.225856	3.223402	-4.812092	-0.2285944	2.042289	-4.616816	-1.458344	2.926137	-4.553414	1.063152	3.058211	-4.685551	-0.5540164	0.6345359	-4.116681	0.07645883	0.5052969	-4.433719	-0.3369108	0.5766873	-4.237584	-0.328229	-0.3371325	-4.798567	
-0.240309	3.197948	-4.808252	-0.2733026	1.950849	-4.616879	-1.504166	1.56637	-4.072432	1.42482	2.116896	-4.50887	-0.6612272	0.7187165	-4.502081	0.04627368	0.5010227	-4.318474	0.1916982	0.3599277	-4.222955	-0.4952981	-0.1932211	-4.789023	
-0.2392555	3.219652	-4.775738	-0.3311428	2.061306	-4.584407	-1.140124	1.376563	-3.977864	0.6094951	1.164821	-4.536309	-0.6423391	0.6076479	-4.450781	0.04643375	0.7055577	-3.948344	-0.09906089	0.3328105	-4.519394	0.06138304	0.1487801	-4.786858	
-0.1316405	3.205478	-4.875857	-0.2645477	2.042114	-4.645067	-1.062927	1.400192	-3.914416	0.5302655	1.132245	-4.757154	-0.5479637	0.5457895	-4.467877	0.3020499	0.6670761	-4.128128	-0.3952607	0.1401067	-4.88939	0.123109	0.4267337	-4.604217	
0.005195007	3.194828	-5.112026	-0.0453752	2.007365	-4.947638	-0.9361222	1.171998	-4.480394	0.8310931	1.074626	-4.923969	-0.3755	0.4415101	-4.566984	0.3099331	0.4055988	-4.741134	-0.1552473	0.03695965	-5.495333	0.0530108	0.1988078	-4.875127	
0.1443896	3.195937	-5.061919	0.1035462	2.047263	-4.839437	-0.6322821	1.132604	-5.05321	1.08768	1.349713	-4.488923	-0.3166748	0.643591	-4.396656	0.3563025	0.4854522	-4.595545	-0.05158678	0.2153815	-5.040577	0.3203396	0.09433937	-5.111104	
0.5836887	3.022045	-4.105767	0.2723981	1.971146	-4.414968	-0.4119394	1.195632	-4.624349	0.9752108	1.113209	-4.39298	-0.1683398	0.6634302	-4.41308	0.5137242	0.7315736	-4.402657	-0.1951756	0.6119722	-4.343166	0.3359949	0.2297481	-5.030791	
0.8552728	2.811028	-3.614389	0.4516887	1.920048	-4.107257	0.8720154	2.85652	-3.390362	1.06881	2.429747	-3.438973	0.09615377	1.009851	-4.003894	0.5981784	0.8313434	-4.372324	0.04958069	0.3034525	-4.426917	0.2880116	0.1281937	-5.012545	
1.006122	2.763662	-3.444698	0.5515771	1.948953	-4.054803	1.029162	2.035873	-3.579874	0.3715299	1.607343	-3.695413	0.06247556	0.9505867	-4.098604	0.7925739	1.015427	-4.246433	0.3172166	0.4626976	-4.221801	0.2572263	0.616122	-4.485955	
0.8466331	2.851305	-3.961589	0.5581628	1.867899	-4.371328	0.978965	2.04486	-4.210361	1.20158	0.9096669	-4.337765	0.03381038	0.7842438	-4.46078	0.7944456	0.5969255	-4.303926	0.1919184	-0.04392111	-4.794739	0.7316076	0.08573925	-5.24903	
0.6606948	3.015643	-4.306396	0.2998285	1.968207	-4.597644	0.8902258	1.628049	-4.80947	1.010855	0.9582314	-4.250621	-0.1649226	0.7629371	-4.748857	0.6703269	0.6082512	-4.42465	0.1396919	0.03789747	-4.921815	0.5934768	0.1090997	-5.198359	
0.4385674	3.214261	-4.764122	0.3149552	2.099932	-4.617138	-0.4881231	1.273566	-4.595634	1.14605	1.338502	-4.313127	-0.1042876	0.741292	-4.641984	0.6086385	0.6292461	-4.462982	0.0152576	0.3260802	-4.584381	0.5737168	0.3403083	-4.87115	
0.4489066	3.333683	-3.20768	0.3670553	2.172674	-3.636624	-0.3506204	1.317679	-3.406299	1.149862	1.289653	-3.307388	-0.05850035	0.7643771	-3.529718	0.6771934	0.6070068	-3.690546	0.1483437	0.3740653	-4.32209	0.1876182	0.3259176	-4.541988	
0.5585734	3.55385	-2.446809	0.670147	2.596697	-2.110774	0.3330805	1.383613	-1.742786	1.292422	1.878219	-2.095847	0.2539427	1.305528	-1.950583	1.291149	1.481489	-1.548824	0.1313977	0.04692173	-3.25199	1.076089	0.7601156	-2.24571	
0.7013939	3.560793	-2.154382	0.7824194	2.514411	-1.907277	0.4679457	1.449642	-1.517053	1.114141	1.999013	-1.757541	0.5128108	0.8149667	-1.907781	0.9143862	1.57116	-1.15589	0.2306104	0.1690171	-2.651836	0.9150923	0.8834573	-1.915871	
0.7013939	3.560793	-2.154382	0.7824194	2.514411	-1.907277	0.4679457	1.449642	-1.517053	1.114141	1.999013	-1.757541	0.5128108	0.8149667	-1.907781	0.9143862	1.57116	-1.15589	0.2306104	0.1690171	-2.651836	0.9150923	0.8834573	-1.915871	
0.7013939	3.560793	-2.154382	0.7824194	2.514411	-1.907277	0.4679457	1.449642	-1.517053	1.114141	1.999013	-1.757541	0.5128108	0.8149667	-1.907781	0.9143862	1.57116	-1.15589	0.2306104	0.1690171	-2.651836	0.9150923	0.8834573	-1.915871	
0.7013939	3.560793	-2.154382	0.7824194	2.514411	-1.907277	0.4679457	1.449642	-1.517053	1.114141	1.999013	-1.757541	0.5128108	0.8149667	-1.907781	0.9143862	1.57116	-1.15589	0.2306104	0.1690171	-2.651836	0.9150923	0.8834573	-1.915871	
0.7013939	3.560793	-2.154382	0.7824194	2.514411	-1.907277	0.4679457	1.449642	-1.517053	1.114141	1.999013	-1.757541	0.5128108	0.8149667	-1.907781	0.9143862	1.57116	-1.15589	0.2306104	0.1690171	-2.651836	0.9150923	0.8834573	-1.915871	
0.7013939	3.560793	-2.154382	0.7824194	2.514411	-1.907277	0.4679457	1.449642	-1.517053	1.114141	1.999013	-1.757541	0.5128108	0.8149667	-1.907781	0.9143862	1.57116	-1.15589	0.2306104	0.1690171	-2.651836	0.9150923	0.8834573	-1.915871	
0.7013939	3.560793	-2.154382	0.7824194	2.514411	-1.907277	0.4679457	1.449642	-1.517053	1.114141	1.999013	-1.757541	0.5128108	0.8149667	-1.907781	0.9143862	1.57116	-1.15589	0.2306104	0.1690171	-2.651836	0.9150923	0.8834573	-1.915871	
0.7013939	3.560793	-2.154382	0.7824194	2.514411	-1.907277	0.4679457	1.449642	-1.517053	1.114141	1.999013	-1.757541	0.5128108	0.8149667	-1.907781	0.9143862	1.57116	-1.15589	0.2306104	0.1690171	-2.651836	0.9150923	0.8834573	-1.915871	
0.7013939	3.560793	-2.154382	0.7824194	2.514411	-1.907277	0.4679457	1.449642	-1.517053	1.114141	1.999013	-1.757541	0.5128108	0.8149667	-1.907781	0.9143862	1.57116	-1.15589	0.2306104	0.1690171	-2.651836	0.9150923	0.8834573	-1.915871	
0.7013939	3.560793	-2.154382	0.7824194	2.514411	-1.907277	0.4679457	1.449642	-1.517053	1.114141	1.999013	-1.757541	0.5128108	0.8149667	-1.907781	0.9143862	1.57116	-1.15589	0.2306104	0.1690171	-2.651836	0.9150923	0.8834573	-1.915871	
0.7013939	3.560793	-2.154382	0.7824194	2.514411	-1.907277	0.4679457	1.449642	-1.517053	1.114141	1.999013	-1.757541	0.5128108	0.8149667	-1.907781	0.9143862	1.57116	-1.15589	0.2306104	0.1690171	-2.651836	0.9150923	0.8834573	-1.915871	
0.7013939	3.560793	-2.154382	0.7824194	2.514411	-1.907277	0.4679457	1.449642	-1.517053	1.114141	1.999013	-1.757541	0.5128108	0.8149667	-1.907781	0.9143862	1.57116	-1.15589	0.2306104	0.1690171	-2.651836	0.9150923	0.8834573	-1.915871	
0.7013939	3.560793	-2.154382	0.7824194	2.514411	-1.907277	0.4679457	1.449642	-1.517053	1.114141	1.999013	-1.757541	0.5128108	0.8149667	-1.907781	0.9143862	1.57116	-1.15589	0.2306104	0.1690171	-2.651836	0.9150923	0.8834573	-1.915871	
0.7013939	3.560793	-2.154382	0.7824194	2.514411	-1.907277	0.4679457	1.449642	-1.517053	1.114141	1.999013	-1.757541	0.5128108	0.8149667	-1.907781	0.9143862	1.57116	-1.15589	0.2306104	0.1690171	-2.651836	0.9150923	0.8834573	-1.915871	
0.7013939	3.560793	-2.154382	0.7824194	2.514411	-1.907277	0.4679457	1.449642	-1.517053	1.114141	1.999013	-1.757541	0.5128108	0.8149667	-1.907781	0.9143862	1.57116	-1.15589	0.2306104	0.1690171	-2.651836	0.9150923	0.8834573	-1.915871	
0.7013939	3.560793	-2.154382	0.7824194	2.514411	-1.907277	0.4679457	1.449642	-1.517053	1.114141	1.999013	-1.757541	0.5128108	0.8149667	-1.907781	0.9143862	1.57116	-1.15589	0.2306104	0.1690171	-2.651836	0.9150923	0.8834573	-1.915871	
0.7013939	3.560793	-2.154382	0.7824194	2.514411	-1.907277	0.4679457	1.449642	-1.517053	1.114141	1.999013	-1.757541	0.5128108	0.8149667	-1.907781	0.9143862	1.57116	-1.15589	0.2306104	0.1690171	-2.651836	0.9150923	0.8834573	-1.915871	
0.7013939	3.560793	-2.154382	0.7824194	2.514411	-1.907277	0.4679457	1.449642	-1.517053	1.114141	1.999013	-1.757541	0.5128108	0.8149667	-1.907781	0.9143862	1.57116	-1.15589	0.2306104	0.1690171	-2.651836	0.9150923	0.8834573	-1.915871	
0.7013939	3.560793	-2.154382	0.7824194	2.514411	-1.907277	0.4679457	1.449642	-1.517053	1.114141	1.999013	-1.757541	0.5128108	0.8149667	-1.907781	0.9143862	1.57116	-1.15589	0.2306104	0.1690171	-2.651836	0.9150923	0.8834573	-1.915871	
0.7013939	3.560793	-2.154382	0.7824194	2.514411	-1.907277	0.4679457	1.449642	-1.517053	1.114141	1.999013	-1.757541	0.5128108	0.8149667	-1.907781	0.9143862	1.57116	-1.15589	0.2306104	0.1690171	-2.651836	0.9150923	0.8834573	-1.915871	
0.7013939	3.560793	-2.154382	0.7824194	2.514411	-1.907277	0.4679457	1.449642	-1.517053	1.114141	1.999013	-1.757541	0.5128108	0.8149667	-1.907781	0.9143862	1.57116	-1.15589	0.2306104	0.1690171	-2.651836	0.9150923	0.8834573	-1.915871	
0.7013939	3.560793	-2.154382	0.7824194	2.514411	-1.907277	0.4679457	1.449642	-1.517053	1.114141	1.999013	-1.757541	0.5128108	0.8149667	-1.907781	0.9143862	1.57116	-1.15589	0.2306104	0.1690171	-2.651836	0.9150923	0.8834573	-1.915871	
0.7013939	3.560793	-2.154382	0.7824194	2.514411	-1.907277	0.4679457	1.449642	-1.517053	1.114141	1.999013	-1.757541	0.5128108	0.8149667	-1.907781	0.9143862	1.57116	-1.15589	0.2306104	0.1690171	-2.651836	0.9150923	0.8834573	-1.915871	
0.7013939	3.560793	-2.154382	0.7824194	2.514411	-1.907277	0.4679457	1.449642	-1.517053	1.114141	1.999013	-1.757541	0.5128108	0.8149667	-1.907781	0.9143862	1.57116	-1.15589	0.2306104	0.1690171	-2.651836	0.9150923	0.8834573	-1.915871	
0.7013939	3.560793	-2.154382	0.7824194	2.514411	-1.907277	0.4679457	1.449642	-1.517053	1.114141	1.999013	-1.757541	0.5128108	0.8149667	-1.907781	0.9143862	1.57116	-1.15589	0.2306104	0.1690171	-2.651836	0.9150923	0.8834573	-1.915871	
0.7013939	3.560793	-2.154382	0.7824194	2.514411	-1.907277	0.4679457	1.449642	-1.517053	1.114141	1.999013	-1.757541	0.5128108	0.8149667	-1.907781	0.9143862	1.57116	-1.15589	0.2306104	0.1690171	-2.651836	0.9150923	0.8834573	-1.915871	
0.7013939	3.560793	-2.154382	0.7824194	2.514411	-1.907277	0.4679457	1.449642	-1.517053	1.114141	1.999013	-1.757541	0.5128108	0.8149667	-1.907781	0.9143862	1.57116	-1.15589	0.2306104	0.1690171	-2.651836	0.9150923	0.8834573	-1.915871	
0.7013939	3.560793	-2.154382	0.7824194	2.514411	-1.907277	0.4679457	1.449642	-1.517053	1.114141	1.999013	-1.757541	0.5128108	0.8149667	-1.907781	0.9143862	1.57116	-1.15589	0.2306104	0.1690171	-2.651836	0.9150923	0.8834573	-1.915871	
0.7013939	3.560793	-2.154382	0.7824194	2.514411	-1.907277	0.4679457	1.449642	-1.517053	1.114141	1.999013	-1.757541	0.5128108	0.8149667	-1.907781	0.9143862	1.57116	-1.15589	0.2306104	0.1690171	-2.651836	0.9150923	0.8834573	-1.915871	
0.7013939	3.560793	-2.154382	0.7824194	2.514411	-1.907277	0.4679457	1.449642	-1.517053	1.114141	1.999013	-1.757541	0.5128108	0.8149667	-1.907781	0.9143862	1.57116	-1.15589	0.2306104	0.1690171	-2.651836	0.9150923	0.8834573	-1.915871	
0.7013939	3.560793	-2.154382	0.7824194	2.514411	-1.907277	0.4679457	1.449642	-1.517053	1.114141	1.999013	-1.757541	0.5128108	0.8149667	-1.907781	0.9143862	1.57116	-1.15589	0.2306104	0.1690171	-2.651836	0.9150923	0.8834573	-1.915871	
0.7013939	3.560793	-2.154382	0.7824194	2.514411	-1.907277	0.4679457	1.449642	-1.517053	1.114141	1.999013	-1.757541	0.5128108	0.8149667	-1.907781	0.9143862	1.57116	-1.15589	0.2306104	0.1690171	-2.651836	0.9150923	0.8834573	-1.915871	
0.7013939	3.560793	-2.154382	0.7824194	2.514411	-1.907277	0.4679457	1.449642	-1.517053	1.114141	1.999013	-1.757541	0.5128108	0.8149667	-1.907781	0.9143862	1.57116	-1.15589	0.2306104	0.1690171	-2.651836	0.9150923	0.8834573	-1.915871	
0.7013939	3.560793	-2.154382	0.7824194	2.514411	-1.907277	0.4679457	1.449642	-1.517053	1.114141	1.999013	-1.757541	0.5128108	0.8149667	-1.907781	0.9143862	1.57116	-1.15589	0.2306104	0.1690171	-2.651836	0.9150923	0.8834573	-1.915871	
0.7013939	3.560793	-2.154382	0.7824194	2.514411	-1.907277	0.4679457	1.449642	-1.517053	1.114141	1.999013	-1.757541	0.5128108	0.8149667	-1.907781	0.9143862	1.57116	-1.15589	0.2306104	0.1690171	-2.651836	0.9150923	0.8834573	-1.915871	
0.7013939	3.560793	-2.154382	0.7824194	2.514411	-1.907277	0.4679457	1.449642	-1.517053	1.114141	1.999013	-1.757541	0.5128108	0.8149667	-1.907781	0.9143862	1.57116	-1.15589	0.2306104	0.1690171	-2.651836	0.9150923	0.8834573	-1.915871	
